Almost there!
One last hint: 21x21
8,9
15,6
3,6
14,5
9,13
10,18
1,8
18,3
18,4
14,8
0,3
6,17
12,8
6,15
19,0
3,2
3,12
1,20
16,14
2,3
10,11
16,4
8,6
10,5
11,2
13,9
8,14
16,10
2,6
15,13
6,10
10,15
11,18
14,2
9,5
19,15
6,16
8,20
20,16
6,6
18,2
0,8
16,17
14,1
5,14
17,11
15,10
16,2
18,14
8,2
11,12
4,9
2,0
9,4
0,16
20,12
3,17
2,9
19,11
6,0
14,6
11,4
11,19
6,2
18,8
15,17
7,8
8,19
17,9
0,4
16,0
17,13
9,11
11,8
6,20
0,15
13,20
9,17
12,4
6,18
2,4
17,3
5,0
3,18
16,11
3,3
6,14
2,2
20,2
16,18
0,17
13,17
12,1
14,4
3,20
12,6
8,10
20,18
14,15
2,16
12,11
8,7
8,17
0,2
10,8
0,0
4,16
14,11
17,20
7,10
1,6
15,12
13,11
3,0
9,10
17,6
1,14
4,20
13,13
9,19
16,8
4,14
4,11
0,19
6,19
14,12
6,3
14,10
8,11
19,6
10,6
14,17
20,10
17,2
20,6
17,0
4,17
10,2
8,5
1,0
20,3
0,18
6,8
13,12
2,17
4,18
12,0
8,4
3,8
8,1
14,16
3,9
18,16
19,17
5,6
9,12
4,3
12,14
14,0
2,20
16,13
4,6
20,0
16,3
11,14
12,16
15,20
20,4
10,1
15,8
5,20
2,12
11,10
2,14
18,12
10,9
17,16
19,14
3,4
16,6
6,1
10,10
20,15
18,6
19,20
0,20
4,12
3,14
0,14
12,3
20,1
14,18
10,16
14,13
10,0
6,12
17,4
9,20
18,20
14,14
10,19
19,8
20,5
1,11
6,4
17,17
2,18
6,5
13,16
15,9
0,1
15,11
11,9
4,0
10,14
12,19
3,16
20,17
10,4
4,2
0,6
8,13
1,12
18,0
14,3
15,0
4,4
5,9
0,5
13,18